pik:	714.99603	470.0
cha:	324.70032	470.0
